120 11 0 0.576099 0.219113 0.184469 0.343672 0.284802 0.483389 0.37281 0.293793 0.362886 0.158246 0.771916 0.557497 0.68823 0.375092 0.386018 0.251426 0.34578 0.256529 0.30806 0.290771 0.674086 0.298674 0.061741 0.112445 0.166475 0.429549 0.396623 0.393558 0.288658 0.649045
120 12 0 0.572498 0.212722 0.185612 0.335908 0.280889 0.494552 0.371537 0.300933 0.36985 0.165292 0.77052 0.556592 0.685991 0.364322 0.398907 0.258516 0.352278 0.256446 0.310593 0.313795 0.674638 0.315752 0.06852 0.113591 0.174627 0.431281 0.378449 0.39549 0.282092 0.644683
120 13 0 0.683792 0.244398 0.184469 0.39805 0.284802 0.636942 0.416917 0.293793 0.395232 0.307593 0.822282 0.656724 0.783681 0.383388 0.548639 0.139398 0.386596 0.274801 0.273843 0.286457 0.674086 0.459105 0.087181 0.111372 0.239626 0.599061 0.396623 0.433588 0.359465 0.751214
120 14 0 0.685373 0.245774 0.200833 0.399703 0.299463 0.64407 0.417342 0.293793 0.396591 0.311532 0.824306 0.657479 0.786003 0.386509 0.55123 0.147552 0.392472 0.276821 0.276732 0.294268 0.674086 0.46813 0.091025 0.115654 0.246333 0.60282 0.396623 0.434123 0.361596 0.755007
120 15 0 0.685119 0.249838 0.199698 0.403964 0.338657 0.637546 0.417474 0.184724 0.409445 0.305208 0.819785 0.652864 0.788758 0.392268 0.550647 0.135512 0.385777 0.278064 0.263032 0.286301 0.755786 0.453302 0.086034 0.106588 0.236886 0.603092 0.314384 0.387442 0.366997 0.762751
9 11 1 0.911917 0.557241 0.613446 0.425973 0.484749 0.903747 0.580648 0.914194 0.856579 0.633389 0.955275 0.969317 0.759186 0.822448 0.782528 0.658642 0.738235 0.636594 0.666274 0.845297 0.778305 0.586618 0.672739 0.765869 0.929478 0.583096 0.895924 0.729551 0.44279 0.822337
123 12 0 1.6e-05 0.0 0.0 0.0 0.0 0.0 0.0 0.0 0.0 0.0 0.0 0.0 0.0 0.0 0.0 0.0 0.0 0.0 0.0 0.0 0.0 0.0 0.0 0.0 0.0 0.0 0.0 0.0 0.0 0.0
117 11 1 0.572591 0.241222 0.192847 0.313926 0.398907 0.651851 0.342088 0.01925 0.409194 0.207019 0.830744 0.554989 0.4692 0.386274 0.243545 0.157201 0.47773 0.271358 0.35897 0.229852 0.467572 0.162096 0.239074 0.067349 0.288482 0.337419 0.246585 0.450488 0.282663 0.638104
117 12 1 0.72559 0.311929 0.158929 0.401912 0.258227 0.743186 0.432546 0.077096 0.447666 0.235076 0.726797 0.510955 0.7905 0.549256 0.559411 0.192334 0.332826 0.180841 0.293061 0.197194 0.722105 0.161183 0.030944 0.073692 0.113606 0.584502 0.378696 0.457908 0.327881 0.733188
117 13 1 0.676182 0.226565 0.155346 0.398765 0.286912 0.737934 0.420952 0.043473 0.429075 0.208832 0.833561 0.49684 0.749096 0.46239 0.457781 0.120761 0.36357 0.22014 0.334856 0.154524 0.732858 0.155149 0.106207 0.054946 0.156879 0.597885 0.334679 0.473802 0.345585 0.760562
117 14 1 0.735612 0.314611 0.186499 0.390229 0.370592 0.765818 0.427649 0.078219 0.486738 0.305604 0.885455 0.639493 0.797212 0.556746 0.564228 0.196072 0.413555 0.246025 0.400423 0.233146 0.735283 0.224747 0.192898 0.085831 0.163442 0.591309 0.430448 0.51107 0.346032 0.75402
117 15 1 0.659267 0.220071 0.130246 0.401529 0.186407 0.709113 0.41288 0.042219 0.375007 0.138303 0.652954 0.404701 0.750858 0.453313 0.448809 0.120008 0.291803 0.140837 0.227608 0.108771 0.724239 0.104866 0.014585 0.050224 0.103233 0.590158 0.277703 0.417605 0.302271 0.73203
116 11 0 0.855429 0.45484 0.396094 0.602537 0.576914 0.886294 0.493437 0.542015 0.757747 0.543151 0.981607 0.878803 0.873922 0.814991 0.844857 0.654496 0.671413 0.526307 0.562281 0.823751 0.894424 0.715411 0.283749 0.469725 0.748716 0.744127 0.718279 0.694113 0.465646 0.871409
116 12 1 0.875782 0.48676 0.404186 0.614354 0.601886 0.880907 0.477565 0.567664 0.772378 0.567922 0.986317 0.898259 0.875462 0.817631 0.849306 0.674693 0.705039 0.540663 0.599204 0.841723 0.890894 0.75436 0.360303 0.524383 0.752852 0.763841 0.729021 0.729908 0.480237 0.8747
22 13 0 0.613628 0.112635 0.185976 0.138899 0.119379 0.347496 0.160441 0.125204 0.192858 0.080993 0.627232 0.364217 0.445579 0.135839 0.233297 0.091135 0.271304 0.066198 0.166451 0.129657 0.470971 0.049208 0.068892 0.051838 0.104695 0.367358 0.190678 0.184942 0.227822 0.345946
22 11 0 0.541845 0.089572 0.141894 0.133402 0.074721 0.305551 0.136035 0.101741 0.142238 0.057783 0.348391 0.152187 0.397292 0.124091 0.12269 0.009414 0.075791 0.056059 0.109066 0.112349 0.409471 0.152237 0.000988 0.007712 0.081969 0.313245 0.138259 0.119223 0.133978 0.274249
22 12 0 0.598324 0.106921 0.18193 0.134309 0.123029 0.350221 0.153625 0.124632 0.191741 0.078486 0.614263 0.364485 0.445616 0.136672 0.232244 0.09041 0.266289 0.059735 0.164829 0.127762 0.463391 0.050786 0.070361 0.050987 0.104273 0.356342 0.186135 0.174387 0.212805 0.335908
18 12 0 0.638453 0.227044 0.187085 0.449665 0.249377 0.602456 0.443935 0.11974 0.366582 0.070806 0.704662 0.44992 0.71371 0.405338 0.586322 0.107166 0.296587 0.171974 0.36454 0.065024 0.782248 0.407511 0.033539 0.020816 0.25028 0.628308 0.299636 0.403476 0.445807 0.764087
127 13 0 0.667378 0.30903 0.292784 0.498542 0.386581 0.798124 0.417027 0.261012 0.455534 0.355827 0.859309 0.75263 0.841514 0.565968 0.614153 0.559086 0.490679 0.412936 0.402803 0.516057 0.819481 0.518698 0.1005 0.242805 0.639706 0.550699 0.432122 0.494029 0.37394 0.82241
127 11 0 0.666038 0.30909 0.29331 0.49857 0.385419 0.798259 0.409024 0.262352 0.451803 0.356418 0.841725 0.754897 0.837244 0.56633 0.607307 0.544385 0.491167 0.398374 0.404055 0.519744 0.820398 0.520245 0.089637 0.245672 0.613312 0.552039 0.433619 0.494055 0.360684 0.827105
127 12 0 0.674661 0.313245 0.285653 0.503401 0.386335 0.78794 0.417047 0.261069 0.453005 0.357833 0.85931 0.74183 0.841594 0.54982 0.617371 0.557148 0.468531 0.406745 0.407842 0.555058 0.819553 0.514446 0.100334 0.225611 0.636385 0.557481 0.420662 0.481742 0.37394 0.825442
121 11 0 0.290017 0.111684 0.071993 0.004741 0.126363 0.026501 0.014841 0.10064 0.119275 0.068804 0.236847 0.540912 0.436223 0.011346 0.161651 0.041881 0.234905 0.056678 0.070512 0.063616 0.378019 0.054767 0.029183 0.056473 0.132558 0.110042 0.133367 0.030786 0.044792 0.092024
118 11 1 0.6574 0.127667 0.11891 0.493059 0.17003 0.635818 0.425289 0.261296 0.236133 0.104914 0.619624 0.211938 0.739132 0.143511 0.389322 0.154686 0.2913 0.129222 0.343191 0.27087 0.723216 0.309624 0.024394 0.075239 0.192027 0.360149 0.269832 0.287112 0.374787 0.654983
122 11 0 0.543501 0.157637 0.103779 0.354298 0.087474 0.579087 0.338621 0.123621 0.10746 0.016543 0.425579 0.085791 0.702025 0.129487 0.17528 0.012716 0.087809 0.040948 0.31992 0.082015 0.675058 0.159948 0.003453 0.00624 0.188448 0.244243 0.113403 0.267745 0.304045 0.455236
90 11 0 0.421767 0.673742 0.293785 0.084297 0.254499 0.510242 0.158046 0.42376 0.364041 0.164799 0.443172 0.793803 0.83352 0.714661 0.442051 0.100618 0.234841 0.120991 0.265425 0.663394 0.321378 0.26454 0.027512 0.230708 0.925034 0.184365 0.335399 0.219719 0.080645 0.239284
38 11 0 0.711813 0.283282 0.248338 0.314374 0.44758 0.726143 0.457569 0.167044 0.496062 0.302975 0.887051 0.734883 0.697373 0.348466 0.410333 0.389196 0.608215 0.315288 0.497468 0.490919 0.781921 0.333035 0.172572 0.176758 0.478572 0.440867 0.266167 0.490382 0.447574 0.712427
38 12 0 0.712166 0.27612 0.262613 0.314632 0.454515 0.729181 0.442556 0.19129 0.4987 0.308436 0.889361 0.747095 0.70113 0.355079 0.433077 0.394928 0.518365 0.274724 0.485686 0.436934 0.783532 0.2713 0.178145 0.166384 0.535882 0.441691 0.27325 0.491729 0.449617 0.712882
38 13 1 0.758624 0.284113 0.275501 0.370724 0.433732 0.825388 0.44457 0.138863 0.465309 0.355592 0.926327 0.741256 0.685941 0.405567 0.50728 0.182287 0.629348 0.38289 0.504347 0.506765 0.735705 0.522509 0.180221 0.154232 0.519663 0.606049 0.250545 0.514246 0.496998 0.820263
38 14 1 0.759109 0.284304 0.286201 0.371079 0.435516 0.8257 0.444549 0.15595 0.464422 0.360892 0.928216 0.688706 0.696752 0.409588 0.480197 0.192155 0.568888 0.381957 0.495215 0.453845 0.73419 0.432274 0.185446 0.159875 0.524371 0.609184 0.253917 0.512806 0.499496 0.821457
84 11 0 0.725026 0.33187 0.304274 0.43609 0.358501 0.738929 0.451249 0.424114 0.389612 0.25833 0.899379 0.782913 0.771771 0.377734 0.587765 0.504628 0.502384 0.26295 0.469285 0.506264 0.780126 0.576982 0.080906 0.186907 0.517868 0.344855 0.434436 0.515124 0.353422 0.743281
84 12 0 0.725026 0.33187 0.304274 0.43609 0.358501 0.738929 0.451249 0.424114 0.389612 0.25833 0.899379 0.782913 0.771771 0.377734 0.587765 0.504628 0.502384 0.26295 0.469285 0.506264 0.780126 0.576982 0.080906 0.186907 0.517868 0.344855 0.434436 0.515124 0.353422 0.743281
84 13 0 0.725026 0.33187 0.304274 0.43609 0.358501 0.738929 0.451249 0.424114 0.389612 0.25833 0.899379 0.782913 0.771771 0.377734 0.587765 0.504628 0.502384 0.26295 0.469285 0.506264 0.780126 0.576982 0.080906 0.186907 0.517868 0.344855 0.434436 0.515124 0.353422 0.743281
84 14 0 0.709475 0.268287 0.22977 0.406543 0.298615 0.691026 0.454482 0.322242 0.320302 0.164956 0.847648 0.656965 0.744014 0.325001 0.479415 0.422302 0.44734 0.188053 0.350317 0.405595 0.775825 0.460782 0.055713 0.152766 0.467529 0.38537 0.374849 0.477873 0.380609 0.741678
